vid	9895000549
speed	.9
638163.7664	2493381.15765
638192.9449	2493385.64665
638226.05128	2493388.45228
638249.61853	2493390.13565
638284.9694	2493394.06353
638306.85327	2493399.11365
638333.78727	2493402.4804
638375.02996	2493408.09165
638414.30871	2493411.4584
638446.29283	2493410.89727
638476.59358	2493407.53052
638518.39739	2493405.28602
638547.01477	2493403.60265
638632.0252	2493399.67478
638678.59858	2493397.43028
638775.95376	2493393.5024
638874.4312	2493390.13565
638998.72038	2493382.84103
639104.49244	2493377.7909
639214.7535	2493373.3019
639331.74806	2493365.44615
639443.13137	2493361.51828
639556.75918	2493354.78478
639662.53124	2493349.73465
639766.0588	2493347.49015
639862.85286	2493346.3679
639916.44029	2493346.92903
639962.7331	2493354.22365
640009.02591	2493366.00728
640097.96422	2493405.28602
640148.46547	2493432.22002
640188.30535	2493451.8594
640218.04497	2493468.69315
640352.99553	2493539.67546
640375.44053	2493552.58133
640449.22846	2493588.49333
640484.57934	2493604.20483
